bounding box
physics box
origin
right attachment point
left attachment point
damage zones (may go away)
source rectangle
frame time

vitruvian 0
[<0,0>{(0,0,8,8)(3,2,1,1)(3.5,2.5)(0,0)(0,0)()(0,0,8,8)(250)}]
[<0,1>{(0,0,1,1)(0,0,1,1)(0,0)(0,0)(0,0)()(0,0,1,1)(1)}]
[<0,2>{(0,0,1,1)(0,0,1,1)(0,0)(0,0)(0,0)()(0,0,1,1)(1)}]
[<0,3>{(0,0,1,1)(0,0,1,1)(0,0)(0,0)(0,0)()(0,0,1,1)(1)}]
idle 1
[<1,0>{(0,0,8,8)(3,2,1,1)(3.5,2.5)(0,0)(0,0)()(0,0,8,8)(75)}
      {(0,0,8,8)(3,2,1,1)(3.5,2.5)(0,0)(0,0)()(8,0,8,8)(75)}
      {(0,0,8,8)(3,2,1,1)(3.5,2.5)(0,0)(0,0)()(16,0,8,8)(75)}]
[<1,1>{(0,0,1,1)(0,0,1,1)(0,0)(0,0)(0,0)()(0,0,1,1)(1)}]
[<1,2>{(0,0,1,1)(0,0,1,1)(0,0)(0,0)(0,0)()(0,0,1,1)(1)}]
[<1,3>{(0,0,1,1)(0,0,1,1)(0,0)(0,0)(0,0)()(0,0,1,1)(1)}]
attacking 7
[<7,0>{(0,0,32,32)(0,0,16,16)(8.5,8.5)(0,0)(0,0)()(0,8,16,16)(250)}
      {(0,0,32,32)(0,0,16,16)(8.5,8.5)(0,0)(0,0)()(16,8,16,16)(250)}
      {(0,0,32,32)(0,0,16,16)(8.5,8.5)(0,0)(0,0)()(32,8,16,16)(1000)}]
[<7,1>{(0,0,1,1)(0,0,1,1)(0,0)(0,0)(0,0)()(0,0,1,1)(1)}]
[<7,2>{(0,0,1,1)(0,0,1,1)(0,0)(0,0)(0,0)()(0,0,1,1)(1)}]
[<7,3>{(0,0,1,1)(0,0,1,1)(0,0)(0,0)(0,0)()(0,0,1,1)(1)}]