example
<action,direction>
{(bounds)(physics)(origin)(rap)(lap)()(srect)(time) }
vitruvian
[<0,0>{(0,0,3,6)(1,1,1,1)(1,4)(0,0)(0,0)()(0,0,3,6)(250)}]
[<0,1>{(0,0,3,6)(1,1,1,1)(1,4)(0,0)(0,0)()(0,0,3,6)(250)}]
[<0,2>{(0,0,3,6)(1,1,1,1)(1,4)(0,0)(0,0)()(0,0,3,6)(250)}]
[<0,3>{(0,0,3,6)(1,1,1,1)(1,4)(0,0)(0,0)()(0,0,3,6)(250)}]
idle 1
[<1,0>{(0,0,3,6)(1,1,1,1)(1,4)(0,0)(0,0)()(0,0,3,6)(250)}]
[<1,1>{(0,0,3,6)(1,1,1,1)(1,4)(0,0)(0,0)()(0,0,3,6)(250)}]
[<1,2>{(0,0,3,6)(1,1,1,1)(1,4)(0,0)(0,0)()(0,0,3,6)(250)}]
[<1,3>{(0,0,3,6)(1,1,1,1)(1,4)(0,0)(0,0)()(0,0,3,6)(250)}]
moving 2
[<2,0>{(0,0,3,6)(1,1,1,1)(1,4)(0,0)(0,0)()(0,0,3,6)(250)}]
[<2,1>{(0,0,3,6)(1,1,1,1)(1,4)(0,0)(0,0)()(0,0,3,6)(250)}]
[<2,2>{(0,0,3,6)(1,1,1,1)(1,4)(0,0)(0,0)()(0,0,3,6)(250)}]
[<2,3>{(0,0,3,6)(1,1,1,1)(1,4)(0,0)(0,0)()(0,0,3,6)(250)}]
Dead 3
[<3,0>{(0,0,3,6)(1,1,1,1)(1,4)(0,0)(0,0)()(0,0,3,6)(250)}]
[<3,1>{(0,0,3,6)(1,1,1,1)(1,4)(0,0)(0,0)()(0,0,3,6)(250)}]
[<3,2>{(0,0,3,6)(1,1,1,1)(1,4)(0,0)(0,0)()(0,0,3,6)(250)}]
[<3,3>{(0,0,3,6)(1,1,1,1)(1,4)(0,0)(0,0)()(0,0,3,6)(250)}]
Recoiling 4
[<4,0>{(0,0,3,6)(1,1,1,1)(1,4)(0,0)(0,0)()(0,0,3,6)(250)}]
[<4,1>{(0,0,3,6)(1,1,1,1)(1,4)(0,0)(0,0)()(0,0,3,6)(250)}]
[<4,2>{(0,0,3,6)(1,1,1,1)(1,4)(0,0)(0,0)()(0,0,3,6)(250)}]
[<4,3>{(0,0,3,6)(1,1,1,1)(1,4)(0,0)(0,0)()(0,0,3,6)(250)}]
Stunned 5
[<5,0>{(0,0,3,6)(1,1,1,1)(1,4)(0,0)(0,0)()(0,0,3,6)(250)}]
[<5,1>{(0,0,3,6)(1,1,1,1)(1,4)(0,0)(0,0)()(0,0,3,6)(250)}]
[<5,2>{(0,0,3,6)(1,1,1,1)(1,4)(0,0)(0,0)()(0,0,3,6)(250)}]
[<5,3>{(0,0,3,6)(1,1,1,1)(1,4)(0,0)(0,0)()(0,0,3,6)(250)}]
ChargingUp 6
[<6,0>{(0,0,3,6)(1,1,1,1)(1,4)(0,0)(0,0)()(0,0,3,6)(250)}]
[<6,1>{(0,0,3,6)(1,1,1,1)(1,4)(0,0)(0,0)()(0,0,3,6)(250)}]
[<6,2>{(0,0,3,6)(1,1,1,1)(1,4)(0,0)(0,0)()(0,0,3,6)(250)}]
[<6,3>{(0,0,3,6)(1,1,1,1)(1,4)(0,0)(0,0)()(0,0,3,6)(250)}]
Attacking 7
[<7,0>{(0,0,2,6)(1,1,1,1)(0,4)(0,0)(0,0)()(3,0,2,6)(75)}
{(0,0,6,3)(1,1,1,1)(1,1)(0,0)(0,0)()(0,9,6,3)(75)}
    {(0,0,2,6)(1,1,1,1)(1,1)(0,0)(0,0)()(5,0,2,6)(75)}
    {(0,0,6,3)(1,1,1,1)(4,1)(0,0)(0,0)()(0,6,6,3)(75)}
    ]
[<7,1>{(0,0,2,6)(1,1,1,1)(1,1)(0,0)(0,0)()(5,0,2,6)(250)}]
[<7,2>{(0,0,6,3)(1,1,1,1)(4,1)(0,0)(0,0)()(0,6,6,3)(250)}]
[<7,3>{(0,0,6,3)(1,1,1,1)(1,1)(0,0)(0,0)()(0,9,6,3)(250)}]
Recovering 8
[<8,0>{(0,0,3,6)(1,1,1,1)(1,4)(0,0)(0,0)()(0,0,3,6)(250)}]
[<8,1>{(0,0,3,6)(1,1,1,1)(1,4)(0,0)(0,0)()(0,0,3,6)(250)}]
[<8,2>{(0,0,3,6)(1,1,1,1)(1,4)(0,0)(0,0)()(0,0,3,6)(250)}]
[<8,3>{(0,0,3,6)(1,1,1,1)(1,4)(0,0)(0,0)()(0,0,3,6)(250)}]