Vitruvian = 0,
Idle = 1,
Moving = 2,
Dead = 3,
Recoiling = 4,
Stunned = 5,
ChargingUp = 6,
Attacking = 7,
Recovering = 8,

identification of animation line:
<state,direction> {frame infos ()()()}{second frame infos()()()}
frame:
bounding box
physics box
origin
right attachment point
left attachment point
damage zones (may go away)
source rectangle
frame time



vitruvian
[<0,0>{(0,0,8,8)(2,1,5,6)(4,4)(0,4)(7,5)()(0,0,8,8)(250)}]
[<0,1>{(0,0,8,8)(2,1,5,6)(4,4)(0,4)(7,5)()(0,0,8,8)(250)}]
[<0,2>{(0,0,8,8)(2,1,5,6)(4,4)(0,4)(7,5)()(0,0,8,8)(250)}]
[<0,3>{(0,0,8,8)(2,1,5,6)(4,4)(0,4)(7,5)()(0,0,8,8)(250)}]
idle 1
[<1,0>{(0,0,8,8)
    (2,1,5,6)(4,4)
    attachments(0,4)(7,5)()
    (0,0,8,8)(250)}]
[<1,1>{(0,0,8,8)
    (1,1,5,6)(3,4)
    attachments(0,4)(7,5)()
    (8,0,8,8)(250)}]
[<1,2>{(0,0,8,8)
    (1,1,5,6)(3,4)
    attachments(0,4)(7,5)()
    (16,0,8,8)(250)}]
[<1,3>{(0,0,8,8)
    (1,1,5,6)(3,4)
    attachments(0,4)(7,5)()
    (24,0,8,8)(250)}]
moving 2
[<2,0>{(0,0,8,8)(1,1,5,6)(3,4)(6,5)(0,3)()(0,8,8,8)(250)}
      {(0,0,8,8)(2,1,5,6)(4,4)(5,5)(0,4)()(8,8,8,8)(250)}]
[<2,1>{(0,0,8,8)(1,1,5,6)(3,4)(0,5)(5,6)()(16,8,8,8)(250)}
      {(0,0,8,8)(1,1,5,6)(3,4)(1,5)(7,4)()(24,8,8,8)(250)}]
[<2,2>{(0,0,8,8)(1,1,5,6)(3,4)(4,0)(6,4)()(32,8,8,8)(250)}
      {(0,0,8,8)(1,1,5,6)(3,4)(4,1)(5,4)()(40,8,8,8)(250)}]
[<2,3>{(0,0,8,8)(1,1,5,6)(3,4)(4,0)(6,4)()(48,8,8,8)(250)}
      {(0,0,8,8)(1,1,5,6)(3,4)(5,0)(7,4)()(56,8,8,8)(250)}]
Dead 3
[<3,0>{(0,0,8,8)(1,3,6,5)(5,4)(5,6)(5,6)()(0,16,8,8)(500)}]
[<3,1>{(0,0,8,8)(1,3,6,5)(5,4)(5,6)(5,6)()(0,16,8,8)(500)}]
[<3,2>{(0,0,8,8)(1,3,6,5)(5,4)(5,6)(5,6)()(0,16,8,8)(500)}]
[<3,3>{(0,0,8,8)(1,3,6,5)(5,4)(5,6)(5,6)()(0,16,8,8)(500)}]
Recoiling 4
[<4,0>{(0,0,8,8)(1,2,5,5)(3,4)(4,5)(2,5)()(0,24,8,8)(250)}]
[<4,1>{(0,0,8,8)(1,2,5,5)(3,4)(2,5)(4,5)()(8,24,8,8)(250)}]
[<4,2>{(0,0,8,8)(1,2,5,5)(3,4)(2,5)(4,5)()(16,24,8,8)(250)}]
[<4,3>{(0,0,8,8)(1,2,5,5)(3,4)(2,5)(4,5)()(24,24,8,8)(250)}]
Stunned 5
[<5,0>{(0,0,8,8)(1,1,5,6)(3,4)(5,5)(2,5)()(0,32,8,8)(250)}]
[<5,1>{(0,0,8,8)(1,1,5,6)(3,4)(2,5)(5,5)()(8,32,8,8)(250)}]
[<5,2>{(0,0,8,8)(1,1,5,6)(3,4)(2,5)(5,5)()(16,32,8,8)(250)}]
[<5,3>{(0,0,8,8)(1,1,5,6)(3,4)(2,5)(4,5)()(24,32,8,8)(250)}]
ChargingUp 6
[<6,0>{(0,0,8,8)(2,1,5,6)(4,4)(7,5)(0,3)()(0,40,8,8)(250)}
      {(0,0,8,8)(2,1,5,6)(4,4)(7,5)(0,4)()(8,40,8,8)(250)}]
[<6,1>{(0,0,8,8)(1,1,5,6)(3,4)(0,5)(7,4)()(16,40,8,8)(250)}
      {(0,0,8,8)(1,1,5,6)(3,4)(0,5)(7,3)()(24,40,8,8)(250)}]
[<6,2>{(0,0,8,8)(1,1,5,6)(3,4)(0,4)(6,3)()(32,40,8,8)(250)}
      {(0,0,8,8)(1,1,5,6)(3,4)(0,4)(6,2)()(40,40,8,8)(250)}]
[<6,3>{(0,0,8,8)(1,1,5,6)(3,4)(1,5)(6,4)()(48,40,8,8)(250)}
      {(0,0,8,8)(1,1,5,6)(3,4)(0,5)(7,3)()(56,40,8,8)(250)}]
Attacking 7
[<7,0>{(0,0,8,8)(1,1,5,6)(3,4)(6,5)(0,2)()(0,48,8,8)(250)}]
[<7,1>{(0,0,8,8)(1,1,5,6)(3,4)(0,4)(6,5)()(8,48,8,8)(250)}]
[<7,2>{(0,0,8,8)(2,1,5,6)(4,4)(7,4)(0,4)()(16,48,8,8)(250)}]
[<7,3>{(0,0,8,8)(1,1,5,6)(3,4)(0,5)(7,4)()(24,48,8,8)(250)}]
Recovering 8 for now using stunned as recovering
[<8,0>{(0,0,8,8)(1,1,5,6)(3,4)(5,5)(2,5)()(0,32,8,8)(250)}]
[<8,1>{(0,0,8,8)(1,1,5,6)(3,4)(2,5)(5,5)()(8,32,8,8)(250)}]
[<8,2>{(0,0,8,8)(1,1,5,6)(3,4)(2,5)(5,5)()(16,32,8,8)(250)}]
[<8,3>{(0,0,8,8)(1,1,5,6)(3,4)(2,5)(4,5)()(24,32,8,8)(250)}]